%YAML:1.0

# VIRAL
# camera model

# left 
model_type:   PINHOLE
camera_name:  camera
image_width:  752
image_height: 480

distortion_model: radial-tangential
distortion_parameters:
   k1: -0.288105327549552
   k2:  0.074578284234601
   p1:  7.784489598138802e-04
   p2: -2.277853975035461e-04
projection_parameters:
   fx: 4.250258563372763e+02
   fy: 4.267976260903337e+02
   cx: 3.860151866550880e+02
   cy: 2.419130336743440e+02
t_shift: -0.0199575325817

T_cam_imu:
   0-0.0131205 00.00230088 0000.999911 0-0.0157868
   0000.999676 0-0.0218025 000.0131676 -0.00845058
   000000000-0 000000000-0 000000000-0 00000000001
# right
# model_type:   PINHOLE
# camera_name:  camera
# image_width:  752
# image_height: 480

# distortion_model: radial-tangential
# distortion_parameters:
#    k1: -0.300267420221178
#    k2:  0.090544063693053
#    p1:  3.330220891093334e-05
#    p2:  8.989607188457415e-05
# projection_parameters:
#    fx: 4.313364265799752e+02
#    fy: 4.327527965378035e+02
#    cx: 3.548956286992647e+02
#    cy: 2.325508916495161e+02
# t_shift: -0.0202463834234